spt=list(sumNumNeigh=322,num=c(
3,4,5,7,4,5,4,5,7,5,
5,3,4,3,7,7,7,4,6,6,
7,6,3,4,3,4,7,8,6,5,
6,8,4,3,5,2,3,6,6,3,
6,6,8,3,8,4,5,6,8,4,
5,4,6,3,5,5,5,4,4,6,
5,3,4,5)),adj=c(
9,40,63,
8,18,26,48,
36,39,49,50,56,
6,16,22,29,31,48,64,
31,55,58,64,
4,8,29,45,48,
22,27,29,43,
2,6,18,45,48,
1,11,19,40,47,61,63,
11,17,20,42,61,
9,10,40,42,61,
16,54,58,
41,50,51,57,
25,39,59,
17,21,32,41,42,57,60,
4,12,26,48,54,58,64,
10,15,20,21,32,42,52,
2,8,23,45,
9,20,27,28,47,61,
10,17,19,21,28,61,
15,17,20,28,51,55,57,
4,7,27,28,29,31,
18,45,46,
32,49,53,60,
14,38,59,
2,16,48,54,
7,19,22,28,30,43,47,
19,20,21,22,27,31,51,55,
4,6,7,22,43,45,
27,37,43,47,63,
4,5,22,28,55,64,
15,17,24,42,44,52,53,60,
34,35,37,43,
33,35,46,
33,34,43,45,46,
3,39,
30,33,43,
25,39,49,53,59,62,
3,14,36,38,49,59,
1,9,11,
13,15,50,56,57,60,
10,11,15,17,32,52,
7,27,29,30,33,35,37,45,
32,52,53,
6,8,18,23,29,35,43,46,
23,34,35,45,
9,19,27,30,63,
2,4,6,8,16,26,
3,24,38,39,53,56,60,62,
3,13,41,56,
13,21,28,55,57,
17,32,42,44,
24,32,38,44,49,62,
12,16,26,
5,21,28,31,51,
3,41,49,50,60,
13,15,21,41,51,
5,12,16,64,
14,25,38,39,
15,24,32,41,49,56,
9,10,11,19,20,
38,49,53,
1,9,30,47,
4,5,16,31,58))
