64
1 3 9 40 63
2 4 8 18 26 48
3 5 36 39 49 50 56
4 7 6 16 22 29 31 48 64
5 4 31 55 58 64
6 5 4 8 29 45 48
7 4 22 27 29 43
8 5 2 6 18 45 48
9 7 1 11 19 40 47 61 63
10 5 11 17 20 42 61
11 5 9 10 40 42 61
12 3 16 54 58
13 4 41 50 51 57
14 3 25 39 59
15 7 17 21 32 41 42 57 60
16 7 4 12 26 48 54 58 64
17 7 10 15 20 21 32 42 52
18 4 2 8 23 45
19 6 9 20 27 28 47 61
20 6 10 17 19 21 28 61
21 7 15 17 20 28 51 55 57
22 6 4 7 27 28 29 31
23 3 18 45 46
24 4 32 49 53 60
25 3 14 38 59
26 4 2 16 48 54
27 7 7 19 22 28 30 43 47
28 8 19 20 21 22 27 31 51 55
29 6 4 6 7 22 43 45
30 5 27 37 43 47 63
31 6 4 5 22 28 55 64
32 8 15 17 24 42 44 52 53 60
33 4 34 35 37 43
34 3 33 35 46
35 5 33 34 43 45 46
36 2 3 39
37 3 30 33 43
38 6 25 39 49 53 59 62
39 6 3 14 36 38 49 59
40 3 1 9 11
41 6 13 15 50 56 57 60
42 6 10 11 15 17 32 52
43 8 7 27 29 30 33 35 37 45
44 3 32 52 53
45 8 6 8 18 23 29 35 43 46
46 4 23 34 35 45
47 5 9 19 27 30 63
48 6 2 4 6 8 16 26
49 8 3 24 38 39 53 56 60 62
50 4 3 13 41 56
51 5 13 21 28 55 57
52 4 17 32 42 44
53 6 24 32 38 44 49 62
54 3 12 16 26
55 5 5 21 28 31 51
56 5 3 41 49 50 60
57 5 13 15 21 41 51
58 4 5 12 16 64
59 4 14 25 38 39
60 6 15 24 32 41 49 56
61 5 9 10 11 19 20
62 3 38 49 53
63 4 1 9 30 47
64 5 4 5 16 31 58
